FANN_FLO_2.1
num_layers=3
learning_rate=0.700000
connection_rate=1.000000
network_type=0
learning_momentum=0.000000
training_algorithm=2
train_error_function=1
train_stop_function=0
cascade_output_change_fraction=0.010000
quickprop_decay=-0.000100
quickprop_mu=1.750000
rprop_increase_factor=1.200000
rprop_decrease_factor=0.500000
rprop_delta_min=0.000000
rprop_delta_max=50.000000
rprop_delta_zero=0.100000
cascade_output_stagnation_epochs=12
cascade_candidate_change_fraction=0.010000
cascade_candidate_stagnation_epochs=12
cascade_max_out_epochs=150
cascade_min_out_epochs=50
cascade_max_cand_epochs=150
cascade_min_cand_epochs=50
cascade_num_candidate_groups=2
bit_fail_limit=3.49999994039535522461e-01
cascade_candidate_limit=1.00000000000000000000e+03
cascade_weight_multiplier=4.00000005960464477539e-01
cascade_activation_functions_count=10
cascade_activation_functions=3 5 7 8 10 11 14 15 16 17 
cascade_activation_steepnesses_count=4
cascade_activation_steepnesses=2.50000000000000000000e-01 5.00000000000000000000e-01 7.50000000000000000000e-01 1.00000000000000000000e+00 
layer_sizes=4 4 2 
scale_included=0
neurons (num_inputs, activation_function, activation_steepness)=(0, 0, 0.00000000000000000000e+00) (0, 0, 0.00000000000000000000e+00) (0, 0, 0.00000000000000000000e+00) (0, 0, 0.00000000000000000000e+00) (4, 5, 5.00000000000000000000e-01) (4, 5, 5.00000000000000000000e-01) (4, 5, 5.00000000000000000000e-01) (0, 5, 0.00000000000000000000e+00) (4, 5, 5.00000000000000000000e-01) (0, 5, 0.00000000000000000000e+00) 
connections (connected_to_neuron, weight)=(0, -1.90567016601562500000e+00) (1, 8.62985253334045410156e-01) (2, -8.82252812385559082031e-01) (3, 6.82886421680450439453e-01) (0, -1.92836642265319824219e+00) (1, 9.75491404533386230469e-01) (2, -8.93747925758361816406e-01) (3, 6.49962067604064941406e-01) (0, 6.40292823314666748047e-01) (1, 2.79463231563568115234e-01) (2, 1.47677645087242126465e-01) (3, 6.37366995215415954590e-02) (4, 7.64743804931640625000e+00) (5, 7.64851665496826171875e+00) (6, -2.34552800655364990234e-01) (7, 1.45092415809631347656e+00) 
