FANN_FLO_2.1
num_layers=3
learning_rate=0.700000
connection_rate=1.000000
network_type=0
learning_momentum=0.000000
training_algorithm=2
train_error_function=1
train_stop_function=0
cascade_output_change_fraction=0.010000
quickprop_decay=-0.000100
quickprop_mu=1.750000
rprop_increase_factor=1.200000
rprop_decrease_factor=0.500000
rprop_delta_min=0.000000
rprop_delta_max=50.000000
rprop_delta_zero=0.100000
cascade_output_stagnation_epochs=12
cascade_candidate_change_fraction=0.010000
cascade_candidate_stagnation_epochs=12
cascade_max_out_epochs=150
cascade_min_out_epochs=50
cascade_max_cand_epochs=150
cascade_min_cand_epochs=50
cascade_num_candidate_groups=2
bit_fail_limit=3.49999994039535522461e-01
cascade_candidate_limit=1.00000000000000000000e+03
cascade_weight_multiplier=4.00000005960464477539e-01
cascade_activation_functions_count=10
cascade_activation_functions=3 5 7 8 10 11 14 15 16 17 
cascade_activation_steepnesses_count=4
cascade_activation_steepnesses=2.50000000000000000000e-01 5.00000000000000000000e-01 7.50000000000000000000e-01 1.00000000000000000000e+00 
layer_sizes=4 4 2 
scale_included=0
neurons (num_inputs, activation_function, activation_steepness)=(0, 0, 0.00000000000000000000e+00) (0, 0, 0.00000000000000000000e+00) (0, 0, 0.00000000000000000000e+00) (0, 0, 0.00000000000000000000e+00) (4, 5, 5.00000000000000000000e-01) (4, 5, 5.00000000000000000000e-01) (4, 5, 5.00000000000000000000e-01) (0, 5, 0.00000000000000000000e+00) (4, 5, 5.00000000000000000000e-01) (0, 5, 0.00000000000000000000e+00) 
connections (connected_to_neuron, weight)=(0, 3.65679383277893066406e+00) (1, -3.98900127410888671875e+00) (2, 4.08029794692993164062e+00) (3, 8.58071625232696533203e-01) (0, -3.99161934852600097656e+00) (1, 4.07687950134277343750e+00) (2, -4.06753110885620117188e+00) (3, -7.59350001811981201172e-01) (0, -2.45182657241821289062e+00) (1, 2.55287837982177734375e+00) (2, -2.55347228050231933594e+00) (3, -4.67392015457153320312e+00) (4, -4.24098205566406250000e+00) (5, 1.76597046852111816406e+00) (6, -5.70623922348022460938e+00) (7, -5.30791568756103515625e+00) 
