FANN_FLO_2.1
num_layers=3
learning_rate=0.700000
connection_rate=1.000000
network_type=0
learning_momentum=0.000000
training_algorithm=2
train_error_function=1
train_stop_function=0
cascade_output_change_fraction=0.010000
quickprop_decay=-0.000100
quickprop_mu=1.750000
rprop_increase_factor=1.200000
rprop_decrease_factor=0.500000
rprop_delta_min=0.000000
rprop_delta_max=50.000000
rprop_delta_zero=0.100000
cascade_output_stagnation_epochs=12
cascade_candidate_change_fraction=0.010000
cascade_candidate_stagnation_epochs=12
cascade_max_out_epochs=150
cascade_min_out_epochs=50
cascade_max_cand_epochs=150
cascade_min_cand_epochs=50
cascade_num_candidate_groups=2
bit_fail_limit=3.49999994039535522461e-01
cascade_candidate_limit=1.00000000000000000000e+03
cascade_weight_multiplier=4.00000005960464477539e-01
cascade_activation_functions_count=10
cascade_activation_functions=3 5 7 8 10 11 14 15 16 17 
cascade_activation_steepnesses_count=4
cascade_activation_steepnesses=2.50000000000000000000e-01 5.00000000000000000000e-01 7.50000000000000000000e-01 1.00000000000000000000e+00 
layer_sizes=4 4 2 
scale_included=0
neurons (num_inputs, activation_function, activation_steepness)=(0, 0, 0.00000000000000000000e+00) (0, 0, 0.00000000000000000000e+00) (0, 0, 0.00000000000000000000e+00) (0, 0, 0.00000000000000000000e+00) (4, 5, 5.00000000000000000000e-01) (4, 5, 5.00000000000000000000e-01) (4, 5, 5.00000000000000000000e-01) (0, 5, 0.00000000000000000000e+00) (4, 5, 5.00000000000000000000e-01) (0, 5, 0.00000000000000000000e+00) 
connections (connected_to_neuron, weight)=(0, -1.63726568222045898438e+00) (1, -5.46503007411956787109e-01) (2, 9.51748013496398925781e-01) (3, 4.63399589061737060547e-01) (0, 1.52567744255065917969e+00) (1, 1.75019204616546630859e+00) (2, -1.67479908466339111328e+00) (3, -3.40316629409790039062e+00) (0, 2.35221672058105468750e+00) (1, 2.29875993728637695312e+00) (2, -2.26283144950866699219e+00) (3, 3.66745209693908691406e+00) (4, 4.44674670696258544922e-01) (5, -6.85774326324462890625e+00) (6, 6.79968214035034179688e+00) (7, -6.35666179656982421875e+00) 
