FANN_FLO_2.1
num_layers=3
learning_rate=0.700000
connection_rate=1.000000
network_type=0
learning_momentum=0.000000
training_algorithm=2
train_error_function=1
train_stop_function=0
cascade_output_change_fraction=0.010000
quickprop_decay=-0.000100
quickprop_mu=1.750000
rprop_increase_factor=1.200000
rprop_decrease_factor=0.500000
rprop_delta_min=0.000000
rprop_delta_max=50.000000
rprop_delta_zero=0.100000
cascade_output_stagnation_epochs=12
cascade_candidate_change_fraction=0.010000
cascade_candidate_stagnation_epochs=12
cascade_max_out_epochs=150
cascade_min_out_epochs=50
cascade_max_cand_epochs=150
cascade_min_cand_epochs=50
cascade_num_candidate_groups=2
bit_fail_limit=3.49999994039535522461e-01
cascade_candidate_limit=1.00000000000000000000e+03
cascade_weight_multiplier=4.00000005960464477539e-01
cascade_activation_functions_count=10
cascade_activation_functions=3 5 7 8 10 11 14 15 16 17 
cascade_activation_steepnesses_count=4
cascade_activation_steepnesses=2.50000000000000000000e-01 5.00000000000000000000e-01 7.50000000000000000000e-01 1.00000000000000000000e+00 
layer_sizes=4 4 2 
scale_included=0
neurons (num_inputs, activation_function, activation_steepness)=(0, 0, 0.00000000000000000000e+00) (0, 0, 0.00000000000000000000e+00) (0, 0, 0.00000000000000000000e+00) (0, 0, 0.00000000000000000000e+00) (4, 5, 5.00000000000000000000e-01) (4, 5, 5.00000000000000000000e-01) (4, 5, 5.00000000000000000000e-01) (0, 5, 0.00000000000000000000e+00) (4, 5, 5.00000000000000000000e-01) (0, 5, 0.00000000000000000000e+00) 
connections (connected_to_neuron, weight)=(0, 2.50609993934631347656e+00) (1, -2.88120567798614501953e-01) (2, -2.42762432098388671875e+01) (3, 6.55859112739562988281e-02) (0, 1.34735286235809326172e+00) (1, 1.46178710460662841797e+00) (2, 2.28930830955505371094e+00) (3, 1.18237102031707763672e+00) (0, -6.27823412418365478516e-01) (1, -3.48474597930908203125e+00) (2, 3.00980401039123535156e+00) (3, -3.59689927101135253906e+00) (4, 6.01292133331298828125e+00) (5, 7.81977081298828125000e+00) (6, 7.76188516616821289062e+00) (7, 1.09240150451660156250e+00) 
