FANN_FLO_2.1
num_layers=3
learning_rate=0.700000
connection_rate=1.000000
network_type=0
learning_momentum=0.000000
training_algorithm=2
train_error_function=1
train_stop_function=0
cascade_output_change_fraction=0.010000
quickprop_decay=-0.000100
quickprop_mu=1.750000
rprop_increase_factor=1.200000
rprop_decrease_factor=0.500000
rprop_delta_min=0.000000
rprop_delta_max=50.000000
rprop_delta_zero=0.100000
cascade_output_stagnation_epochs=12
cascade_candidate_change_fraction=0.010000
cascade_candidate_stagnation_epochs=12
cascade_max_out_epochs=150
cascade_min_out_epochs=50
cascade_max_cand_epochs=150
cascade_min_cand_epochs=50
cascade_num_candidate_groups=2
bit_fail_limit=3.49999994039535522461e-01
cascade_candidate_limit=1.00000000000000000000e+03
cascade_weight_multiplier=4.00000005960464477539e-01
cascade_activation_functions_count=10
cascade_activation_functions=3 5 7 8 10 11 14 15 16 17 
cascade_activation_steepnesses_count=4
cascade_activation_steepnesses=2.50000000000000000000e-01 5.00000000000000000000e-01 7.50000000000000000000e-01 1.00000000000000000000e+00 
layer_sizes=4 4 2 
scale_included=0
neurons (num_inputs, activation_function, activation_steepness)=(0, 0, 0.00000000000000000000e+00) (0, 0, 0.00000000000000000000e+00) (0, 0, 0.00000000000000000000e+00) (0, 0, 0.00000000000000000000e+00) (4, 5, 5.00000000000000000000e-01) (4, 5, 5.00000000000000000000e-01) (4, 5, 5.00000000000000000000e-01) (0, 5, 0.00000000000000000000e+00) (4, 5, 5.00000000000000000000e-01) (0, 5, 0.00000000000000000000e+00) 
connections (connected_to_neuron, weight)=(0, -4.41512577235698699951e-02) (1, 1.21389274597167968750e+02) (2, 9.44482564926147460938e-01) (3, 1.22620986938476562500e+02) (0, 5.18494732677936553955e-02) (1, 1.18597618103027343750e+02) (2, 1.19190238952636718750e+02) (3, 2.66490101814270019531e+00) (0, 2.36823968589305877686e-02) (1, 5.71517295837402343750e+01) (2, 1.66791534423828125000e+02) (3, 1.11518272399902343750e+02) (4, -1.31926101684570312500e+02) (5, 3.62630798339843750000e+02) (6, -3.06077941894531250000e+02) (7, 7.53817214965820312500e+01) 
